bwAgarwoodCluster_RT.spt
Leaves
0.4925, 0.4925, 0.0075, 0.4925, 0.0075, 0.0075, 0.4925, 0.0075
0.4925, 0.9925, 0.0075, 0.9925, 0.0075, 0.5075, 0.4925, 0.5075
Fronds
0.74625, 0.4925, 0.50375, 0.4925, 0.50375, 0.0075, 0.74625, 0.0075
Billboards
0.913525, 0.229897, 0.75249, 0.229897, 0.75249, 0.00350098, 0.913525, 0.00350098
0.913525, 0.463296, 0.75249, 0.463296, 0.75249, 0.236899, 0.913525, 0.236899
0.87251, 0.729897, 0.711475, 0.729897, 0.711475, 0.503501, 0.87251, 0.503501
0.663525, 0.963296, 0.50249, 0.963296, 0.50249, 0.736899, 0.663525, 0.736899
0.829541, 0.963296, 0.668506, 0.963296, 0.668506, 0.736899, 0.829541, 0.736899
0.995557, 0.963296, 0.834521, 0.963296, 0.834521, 0.736899, 0.995557, 0.736899
0.70585, 0.729897, 0.503135, 0.729897, 0.503135, 0.503501, 0.70585, 0.503501
