DouglasFir_RT_Full.spt
Leaves
0.4925, 0.4925, 0.0075, 0.4925, 0.0075, 0.0075, 0.4925, 0.0075
0.4925, 0.9925, 0.0075, 0.9925, 0.0075, 0.5075, 0.4925, 0.5075
Fronds
0.9925, 0.4925, 0.5075, 0.4925, 0.5075, 0.0075, 0.9925, 0.0075
Billboards
0.607734, 0.83728, 0.501641, 0.83728, 0.501641, 0.671509, 0.607734, 0.671509
0.778633, 0.668335, 0.672539, 0.668335, 0.672539, 0.502563, 0.778633, 0.502563
0.888008, 0.668335, 0.781914, 0.668335, 0.781914, 0.502563, 0.888008, 0.502563
0.778633, 0.839233, 0.672539, 0.839233, 0.672539, 0.673462, 0.778633, 0.673462
0.997383, 0.668335, 0.891289, 0.668335, 0.891289, 0.502563, 0.997383, 0.502563
0.888008, 0.839233, 0.781914, 0.839233, 0.781914, 0.673462, 0.888008, 0.673462
0.668335, 0.666411, 0.502563, 0.666411, 0.502563, 0.502534, 0.668335, 0.502534
