bwcrabapple_rt_flowers.spt
Leaves
0.4925, 0.4925, 0.0075, 0.4925, 0.0075, 0.0075, 0.4925, 0.0075
0.4925, 0.9925, 0.0075, 0.9925, 0.0075, 0.5075, 0.4925, 0.5075
Fronds
0.853984, 0.485767, 0.505391, 0.485767, 0.505391, 0.00739746, 0.853984, 0.00739746
Billboards
0.783047, 0.660537, 0.646641, 0.660537, 0.646641, 0.495713, 0.783047, 0.495713
0.638516, 0.830459, 0.502109, 0.830459, 0.502109, 0.665635, 0.638516, 0.665635
0.997891, 0.167373, 0.861484, 0.167373, 0.861484, 0.00254883, 0.997891, 0.00254883
0.997891, 0.337295, 0.861484, 0.337295, 0.861484, 0.172471, 0.997891, 0.172471
0.779141, 0.830459, 0.642734, 0.830459, 0.642734, 0.665635, 0.779141, 0.665635
0.997891, 0.507217, 0.861484, 0.507217, 0.861484, 0.342393, 0.997891, 0.342393
0.642363, 0.660537, 0.502168, 0.660537, 0.502168, 0.495713, 0.642363, 0.495713
