bwAmericanElm_RT.spt
Leaves
0.4925, 0.4925, 0.0075, 0.4925, 0.0075, 0.0075, 0.4925, 0.0075
0.4925, 0.9925, 0.0075, 0.9925, 0.0075, 0.5075, 0.4925, 0.5075
Fronds
0.9925, 0.4925, 0.5075, 0.4925, 0.5075, 0.0075, 0.9925, 0.0075
Billboards
0.663525, 0.657754, 0.50249, 0.657754, 0.50249, 0.502402, 0.663525, 0.502402
0.663525, 0.81791, 0.50249, 0.81791, 0.50249, 0.662559, 0.663525, 0.662559
0.829541, 0.657754, 0.668506, 0.657754, 0.668506, 0.502402, 0.829541, 0.502402
0.829541, 0.81791, 0.668506, 0.81791, 0.668506, 0.662559, 0.829541, 0.662559
0.663525, 0.978066, 0.50249, 0.978066, 0.50249, 0.822715, 0.663525, 0.822715
0.995557, 0.657754, 0.834521, 0.657754, 0.834521, 0.502402, 0.995557, 0.502402
0.829541, 0.953057, 0.668506, 0.953057, 0.668506, 0.822334, 0.829541, 0.822334
