GiantRedwood_small_rt.spt
Leaves
0.4925, 0.4925, 0.0075, 0.4925, 0.0075, 0.0075, 0.4925, 0.0075
0.4925, 0.9925, 0.0075, 0.9925, 0.0075, 0.5075, 0.4925, 0.5075
Fronds
0.74625, 0.4925, 0.50375, 0.4925, 0.50375, 0.0075, 0.74625, 0.0075
Billboards
0.913525, 0.198154, 0.75249, 0.198154, 0.75249, 0.00301758, 0.913525, 0.00301758
0.913525, 0.399326, 0.75249, 0.399326, 0.75249, 0.204189, 0.913525, 0.204189
0.913525, 0.600498, 0.75249, 0.600498, 0.75249, 0.405361, 0.913525, 0.405361
0.663525, 0.890537, 0.50249, 0.890537, 0.50249, 0.6954, 0.663525, 0.6954
0.829541, 0.890537, 0.668506, 0.890537, 0.668506, 0.6954, 0.829541, 0.6954
0.995557, 0.890537, 0.834521, 0.890537, 0.834521, 0.6954, 0.995557, 0.6954
0.698154, 0.689497, 0.503018, 0.689497, 0.503018, 0.502886, 0.698154, 0.502886
