UmbrellaThorn_RT.spt
Leaves
0.4925, 0.24625, 0.0075, 0.24625, 0.0075, 0.00375, 0.4925, 0.00375
0.4925, 0.49625, 0.0075, 0.49625, 0.0075, 0.25375, 0.4925, 0.25375
Fronds
0.74625, 0.4925, 0.50375, 0.4925, 0.50375, 0.0075, 0.74625, 0.0075
Billboards
0.49625, 0.664487, 0.25375, 0.664487, 0.25375, 0.502505, 0.49625, 0.502505
0.74625, 0.664487, 0.50375, 0.664487, 0.50375, 0.502505, 0.74625, 0.502505
0.49625, 0.831479, 0.25375, 0.831479, 0.25375, 0.669497, 0.49625, 0.669497
0.24625, 0.886167, 0.00375, 0.886167, 0.00375, 0.724185, 0.24625, 0.724185
0.99625, 0.164487, 0.75375, 0.164487, 0.75375, 0.00250488, 0.99625, 0.00250488
0.99625, 0.331479, 0.75375, 0.331479, 0.75375, 0.169497, 0.99625, 0.169497
0.24625, 0.718355, 0.00375, 0.718355, 0.00375, 0.503325, 0.24625, 0.503325
