MontereyCypress_RT.spt
Leaves
0.4925, 0.24625, 0.0075, 0.24625, 0.0075, 0.00375, 0.4925, 0.00375
Fronds
0.845859, 0.74625, 0.603359, 0.74625, 0.603359, 0.50375, 0.845859, 0.50375
Billboards
0.295308, 0.49625, 0.00449707, 0.49625, 0.00449707, 0.25375, 0.295308, 0.25375
0.595112, 0.49625, 0.304302, 0.49625, 0.304302, 0.25375, 0.595112, 0.25375
0.795308, 0.24625, 0.504497, 0.24625, 0.504497, 0.00375, 0.795308, 0.00375
0.295308, 0.74625, 0.00449707, 0.74625, 0.00449707, 0.50375, 0.295308, 0.50375
0.595112, 0.74625, 0.304302, 0.74625, 0.304302, 0.50375, 0.595112, 0.50375
0.894917, 0.49625, 0.604106, 0.49625, 0.604106, 0.25375, 0.894917, 0.25375
0.295308, 0.990479, 0.00449707, 0.990479, 0.00449707, 0.753662, 0.295308, 0.753662
