JoshuaTree_RT.spt
Leaves
0.572422, 0.24625, 0.329922, 0.24625, 0.329922, 0.00375, 0.572422, 0.00375
0.572422, 0.49625, 0.329922, 0.49625, 0.329922, 0.25375, 0.572422, 0.25375
Fronds
0.24625, 0.741523, 0.00375, 0.741523, 0.00375, 0.256523, 0.24625, 0.256523
Billboards
0.775288, 0.321279, 0.579204, 0.321279, 0.579204, 0.00489258, 0.775288, 0.00489258
0.525288, 0.821279, 0.329204, 0.821279, 0.329204, 0.504893, 0.525288, 0.504893
0.775288, 0.647451, 0.579204, 0.647451, 0.579204, 0.331064, 0.775288, 0.331064
0.977437, 0.321279, 0.781353, 0.321279, 0.781353, 0.00489258, 0.977437, 0.00489258
0.977437, 0.647451, 0.781353, 0.647451, 0.781353, 0.331064, 0.977437, 0.331064
0.775288, 0.973623, 0.579204, 0.973623, 0.579204, 0.657236, 0.775288, 0.657236
0.321279, 0.245288, 0.00489258, 0.245288, 0.00489258, 0.00373535, 0.321279, 0.00373535
