CommonOlive_RT.spt
Leaves
0.4925, 0.4925, 0.0075, 0.4925, 0.0075, 0.0075, 0.4925, 0.0075
0.4925, 0.9925, 0.0075, 0.9925, 0.0075, 0.5075, 0.4925, 0.5075
Fronds
0.9925, 0.4925, 0.5075, 0.4925, 0.5075, 0.0075, 0.9925, 0.0075
Billboards
0.704888, 0.623125, 0.50312, 0.623125, 0.50312, 0.501875, 0.704888, 0.501875
0.704888, 0.748125, 0.50312, 0.748125, 0.50312, 0.626875, 0.704888, 0.626875
0.912896, 0.623125, 0.711128, 0.623125, 0.711128, 0.501875, 0.912896, 0.501875
0.704888, 0.873125, 0.50312, 0.873125, 0.50312, 0.751875, 0.704888, 0.751875
0.912896, 0.748125, 0.711128, 0.748125, 0.711128, 0.626875, 0.912896, 0.626875
0.704888, 0.998125, 0.50312, 0.998125, 0.50312, 0.876875, 0.704888, 0.876875
0.894619, 0.954888, 0.71085, 0.954888, 0.71085, 0.75312, 0.894619, 0.75312
