ItalianCypress_RT.spt
Leaves
0.4925, 0.4925, 0.0075, 0.4925, 0.0075, 0.0075, 0.4925, 0.0075
0.4925, 0.9925, 0.0075, 0.9925, 0.0075, 0.5075, 0.4925, 0.5075
Fronds
0.74625, 0.4925, 0.50375, 0.4925, 0.50375, 0.0075, 0.74625, 0.0075
Billboards
0.893325, 0.24625, 0.752183, 0.24625, 0.752183, 0.00375, 0.893325, 0.00375
0.893325, 0.49625, 0.752183, 0.49625, 0.752183, 0.25375, 0.893325, 0.25375
0.890396, 0.74625, 0.749253, 0.74625, 0.749253, 0.50375, 0.890396, 0.50375
0.643325, 0.99625, 0.502183, 0.99625, 0.502183, 0.75375, 0.643325, 0.75375
0.788833, 0.99625, 0.64769, 0.99625, 0.64769, 0.75375, 0.788833, 0.75375
0.934341, 0.99625, 0.793198, 0.99625, 0.793198, 0.75375, 0.934341, 0.75375
0.743364, 0.74625, 0.503706, 0.74625, 0.503706, 0.50375, 0.743364, 0.50375
