FraserFir_RT.spt
Leaves
0.4925, 0.4925, 0.0075, 0.4925, 0.0075, 0.0075, 0.4925, 0.0075
Fronds
0.777422, 0.9925, 0.656172, 0.9925, 0.656172, 0.5075, 0.777422, 0.5075
Billboards
0.70104, 0.24625, 0.503062, 0.24625, 0.503062, 0.00375, 0.70104, 0.00375
0.447134, 0.74625, 0.249155, 0.74625, 0.249155, 0.50375, 0.447134, 0.50375
0.70104, 0.49625, 0.503062, 0.49625, 0.503062, 0.25375, 0.70104, 0.25375
0.651235, 0.74625, 0.453257, 0.74625, 0.453257, 0.50375, 0.651235, 0.50375
0.905142, 0.24625, 0.707163, 0.24625, 0.707163, 0.00375, 0.905142, 0.00375
0.905142, 0.49625, 0.707163, 0.49625, 0.707163, 0.25375, 0.905142, 0.25375
0.242402, 0.74625, 0.00369141, 0.74625, 0.00369141, 0.50375, 0.242402, 0.50375
