BlueSpruce_RT_Winter.spt
Leaves
0.4925, 0.985, 0.0075, 0.985, 0.0075, 0.015, 0.4925, 0.015
Fronds
0.4925, 0.985, 0.0075, 0.985, 0.0075, 0.015, 0.4925, 0.015
Billboards
0.653906, 0.488438, 0.502344, 0.488438, 0.502344, 0.245937, 0.653906, 0.245937
0.810156, 0.488438, 0.658594, 0.488438, 0.658594, 0.245937, 0.810156, 0.245937
0.653906, 0.738438, 0.502344, 0.738438, 0.502344, 0.495937, 0.653906, 0.495937
0.810156, 0.738438, 0.658594, 0.738438, 0.658594, 0.495937, 0.810156, 0.495937
0.966406, 0.488438, 0.814844, 0.488438, 0.814844, 0.245937, 0.966406, 0.245937
0.653906, 0.988438, 0.502344, 0.988438, 0.502344, 0.745938, 0.653906, 0.745938
0.74625, 0.238555, 0.50375, 0.238555, 0.50375, 0.00363281, 0.74625, 0.00363281
