AmericanElm_RT_noleaves.spt
Leaves
0.4925, 0.4925, 0.0075, 0.4925, 0.0075, 0.0075, 0.4925, 0.0075
0.4925, 0.4925, 0.0075, 0.4925, 0.0075, 0.0075, 0.4925, 0.0075
Fronds
0.4925, 0.4925, 0.0075, 0.4925, 0.0075, 0.0075, 0.4925, 0.0075
Billboards
0.744326, 0.250098, 0.503721, 0.250098, 0.503721, 0.00380859, 0.744326, 0.00380859
0.498232, 0.750098, 0.257627, 0.750098, 0.257627, 0.503809, 0.498232, 0.503809
0.746279, 0.750098, 0.505674, 0.750098, 0.505674, 0.503809, 0.746279, 0.503809
0.244326, 0.985449, 0.0037207, 0.985449, 0.0037207, 0.73916, 0.244326, 0.73916
0.992373, 0.250098, 0.751768, 0.250098, 0.751768, 0.00380859, 0.992373, 0.00380859
0.994326, 0.750098, 0.753721, 0.750098, 0.753721, 0.503809, 0.994326, 0.503809
0.250098, 0.731821, 0.00380859, 0.731821, 0.00380859, 0.50353, 0.250098, 0.50353
