DouglasFir_RT.spt
Leaves
0.4925, 0.4925, 0.0075, 0.4925, 0.0075, 0.0075, 0.4925, 0.0075
0.4925, 0.9925, 0.0075, 0.9925, 0.0075, 0.5075, 0.4925, 0.5075
Fronds
0.9925, 0.4925, 0.5075, 0.4925, 0.5075, 0.0075, 0.9925, 0.0075
Billboards
0.825273, 0.706812, 0.704023, 0.706812, 0.704023, 0.503149, 0.825273, 0.503149
0.623125, 0.916772, 0.501875, 0.916772, 0.501875, 0.71311, 0.623125, 0.71311
0.748125, 0.916772, 0.626875, 0.916772, 0.626875, 0.71311, 0.748125, 0.71311
0.950273, 0.706812, 0.829023, 0.706812, 0.829023, 0.503149, 0.950273, 0.503149
0.873125, 0.916772, 0.751875, 0.916772, 0.751875, 0.71311, 0.873125, 0.71311
0.998125, 0.916772, 0.876875, 0.916772, 0.876875, 0.71311, 0.998125, 0.71311
0.699116, 0.706812, 0.503032, 0.706812, 0.503032, 0.503149, 0.699116, 0.503149
