ItalianStonePine_RT_1.spt
Leaves
0.4925, 0.4925, 0.0075, 0.4925, 0.0075, 0.0075, 0.4925, 0.0075
0.4925, 0.9925, 0.0075, 0.9925, 0.0075, 0.5075, 0.4925, 0.5075
Fronds
0.9925, 0.4925, 0.5075, 0.4925, 0.5075, 0.0075, 0.9925, 0.0075
Billboards
0.663525, 0.792915, 0.50249, 0.792915, 0.50249, 0.66314, 0.663525, 0.66314
0.829541, 0.631782, 0.668506, 0.631782, 0.668506, 0.502007, 0.829541, 0.502007
0.829541, 0.765571, 0.668506, 0.765571, 0.668506, 0.635796, 0.829541, 0.635796
0.663525, 0.926704, 0.50249, 0.926704, 0.50249, 0.796929, 0.663525, 0.796929
0.995557, 0.631782, 0.834521, 0.631782, 0.834521, 0.502007, 0.995557, 0.502007
0.829541, 0.89936, 0.668506, 0.89936, 0.668506, 0.769585, 0.829541, 0.769585
0.663525, 0.658716, 0.50249, 0.658716, 0.50249, 0.502417, 0.663525, 0.502417
